[{"origin":"https://arabic.rt.com","t":[[1,21,4,74],[1,23,5,71],[3,29,6,62],[3,29,7,62],[2,28,7,63],[2,27,6,64],[2,27,6,65],[2,26,6,66],[2,26,6,66],[2,26,6,66],[2,27,6,65],[2,27,6,65],[2,26,6,66],[2,25,6,66],[2,25,6,67],[2,24,6,68],[2,24,6,69],[2,23,5,70],[2,22,5,71],[2,18,5,75],[2,15,5,79],[2,15,4,79],[2,14,5,79],[2,14,5,80],[2,14,4,80],[3,16,4,78],[3,17,5,76],[2,15,4,80],[2,15,4,79],[2,15,4,79],[2,17,4,77],[2,16,5,78],[3,17,5,76],[2,18,5,75],[2,17,5,76],[2,16,5,77],[2,16,5,77],[2,16,5,77],[2,16,5,77],[2,14,5,79],[2,14,5,80],[2,13,5,80],[2,14,5,79],[2,14,5,79],[2,14,4,79],[3,17,5,75]]},{"origin":"https://aternos.org","t":[[33,40,10,17],[33,41,10,17],[32,43,10,16],[32,42,9,17],[33,40,10,17],[33,40,10,17],[32,41,10,17],[32,39,11,18],[32,39,11,19],[31,39,11,19],[30,39,11,19],[30,39,11,19],[30,40,11,19],[30,40,11,19],[30,40,11,20],[29,39,11,21],[28,39,11,22],[27,38,10,25],[26,37,10,26],[23,30,9,38],[21,26,9,44],[20,24,8,48],[20,24,8,49],[20,24,8,47],[20,25,9,46],[21,28,9,42],[20,26,9,45],[19,25,8,48],[19,24,8,49],[20,25,8,47],[21,25,8,46],[21,27,8,43],[22,28,8,43],[22,27,8,43],[21,25,8,47],[21,25,8,46],[21,27,8,44],[21,26,8,45],[22,29,8,41],[20,24,8,48],[20,21,8,51],[20,21,7,52],[21,21,7,51],[21,22,7,50],[20,21,7,51],[21,25,8,46]]},{"origin":"https://auto.ria.com","t":[[0,12,2,86],[0,15,2,83],[1,24,4,71],[3,28,6,63],[4,27,6,63],[5,25,6,64],[6,25,6,63],[6,24,6,64],[1,23,5,71],[1,24,4,71],[1,25,4,70],[1,24,4,71],[1,24,4,71],[1,24,4,71],[1,24,4,70],[1,24,4,71],[1,23,4,72],[1,23,4,72],[1,21,4,74],[1,16,3,80],[1,13,3,83],[1,12,3,85],[1,12,3,85],[1,12,3,85],[1,12,3,85],[1,12,3,84],[1,14,3,82],[1,14,3,82],[1,13,3,83],[1,14,3,82],[1,15,3,81],[1,15,3,81],[1,15,3,81],[1,15,3,81],[1,15,3,80],[1,14,3,82],[1,14,3,81],[1,13,3,82],[1,14,3,82],[1,14,3,82],[1,13,3,83],[1,14,3,82],[1,14,3,82],[1,14,3,82],[1,14,3,82],[1,15,4,80]]},{"origin":"https://badoo.com","t":[[38,39,12,11],[37,40,12,10],[38,40,12,10],[38,38,12,11],[37,38,12,13],[34,39,13,14],[29,42,12,16],[36,37,11,15],[34,38,12,16],[34,38,12,16],[32,39,12,17],[34,37,12,17],[34,37,12,16],[32,38,12,17],[33,38,13,17],[31,39,12,18],[32,37,13,18],[32,36,13,19],[32,36,12,20],[28,29,10,32],[27,25,9,39],[26,22,8,44],[25,23,8,44],[25,23,9,43],[26,22,9,43],[27,24,9,40],[29,23,9,40],[27,22,8,42],[27,22,9,42],[27,23,8,41],[29,22,8,40],[30,26,9,35],[33,26,10,31],[33,26,10,31],[29,23,9,38],[32,23,10,35],[34,26,10,31],[34,26,10,30],[35,28,10,27],[30,23,9,37],[30,19,9,41],[30,21,9,41],[29,22,8,40],[29,21,9,40],[29,21,9,40],[34,23,11,32]]},{"origin":"https://businessinsider.com.pl","t":[[20,19,25,36],[21,21,23,36],[22,19,23,36],[18,21,23,38],[15,20,22,42],[17,19,23,41],[16,18,25,42],[18,16,21,44],[16,17,21,47],[15,19,20,46],[1,26,16,57],[0,11,5,83],[0,11,5,84],[0,11,4,85],[0,9,4,86],[0,9,4,87],[0,9,3,88],[0,8,3,89],[0,7,3,89],[0,5,3,92],[0,4,2,93],[0,4,2,94],[0,4,2,94],[0,3,2,95],[0,3,2,95],[0,4,2,94],[0,3,2,95],[0,3,2,95],[0,3,2,95],[0,3,2,95],[0,3,2,95],[0,7,4,89],[1,8,5,87],[0,3,2,95],[0,3,2,95],[0,4,2,94],[0,4,2,93],[0,4,3,93],[0,3,2,94],[0,3,2,95],[0,3,1,96],[0,3,2,96],[0,3,1,96],[0,3,1,96],[0,2,2,96],[0,3,2,95]]},{"origin":"https://drive.google.com","t":[[73,16,7,4],[72,17,7,5],[74,15,6,4],[75,15,6,5],[73,15,6,6],[73,15,6,6],[73,15,6,6],[74,14,6,6],[73,14,6,6],[71,15,6,7],[71,15,6,8],[70,15,7,8],[71,15,6,7],[71,15,6,8],[70,16,6,8],[70,16,6,8],[69,16,6,8],[68,16,6,9],[68,16,6,10],[66,13,5,16],[63,12,5,19],[61,12,5,21],[61,12,5,22],[61,12,5,22],[63,12,5,20],[64,13,6,17],[63,13,5,19],[61,12,5,22],[60,12,5,22],[59,12,5,24],[56,11,4,29],[61,12,5,23],[60,13,5,22],[59,13,5,23],[56,12,5,27],[56,12,5,27],[60,12,5,24],[59,13,5,24],[60,13,5,22],[54,12,4,30],[53,11,5,31],[53,11,4,32],[53,10,4,33],[56,11,4,29],[57,12,4,27],[58,12,4,26]]},{"origin":"https://gall.dcinside.com","t":[[3,23,3,71],[5,29,4,62],[7,41,6,46],[7,41,6,46],[7,40,6,47],[6,40,6,48],[6,40,6,48],[6,40,6,48],[7,40,6,47],[6,39,6,49],[6,39,6,50],[6,38,6,50],[5,33,5,56],[5,32,5,58],[5,33,5,57],[5,33,5,56],[5,32,6,57],[5,30,5,60],[5,29,5,61],[4,23,4,68],[4,20,4,72],[4,18,4,74],[4,19,4,73],[4,19,4,73],[4,19,4,73],[4,21,4,70],[4,20,4,73],[4,19,3,74],[4,18,3,75],[4,19,3,74],[4,20,3,73],[4,21,4,72],[4,20,4,72],[4,20,4,73],[4,19,3,74],[4,19,3,74],[4,20,3,73],[4,20,4,73],[4,21,4,71],[4,19,3,74],[4,16,3,76],[4,16,3,77],[3,17,3,77],[3,16,3,78],[3,15,3,79],[3,17,3,76]]},{"origin":"https://happymail.co.jp","t":[[10,29,6,55],[10,30,9,51],[15,45,12,29],[15,44,14,27],[15,45,12,28],[13,44,12,31],[12,43,11,34],[12,46,10,32],[12,44,10,34],[10,39,9,43],[11,36,8,45],[12,43,10,35],[10,38,8,44],[9,32,8,51],[9,33,7,51],[9,33,7,51],[8,34,8,50],[9,31,7,53],[8,30,7,54],[7,23,6,64],[6,19,6,69],[7,18,6,69],[8,18,6,69],[8,17,6,69],[8,20,6,66],[7,20,6,67],[8,17,6,69],[8,16,5,71],[8,17,6,70],[7,16,5,71],[6,19,6,68],[8,17,6,68],[8,19,7,66],[8,20,8,64],[9,18,8,65],[8,16,7,69],[8,16,6,69],[9,17,6,68],[8,18,6,68],[7,15,6,72],[7,15,5,73],[8,16,6,70],[9,15,6,70],[9,16,6,68],[10,16,6,67],[9,18,7,65]]},{"origin":"https://in.bookmyshow.com","t":[[15,38,16,32],[14,39,17,30],[14,39,17,30],[15,39,21,25],[16,38,20,26],[15,36,22,27],[15,35,22,27],[16,36,21,28],[15,35,21,28],[19,38,21,22],[19,38,21,23],[18,35,20,26],[21,35,18,26],[18,36,18,27],[19,36,21,25],[18,36,17,29],[15,34,20,31],[16,34,20,30],[17,34,20,29],[15,27,16,42],[14,23,13,50],[13,22,12,53],[15,22,13,50],[13,21,13,53],[14,23,13,50],[16,27,13,43],[15,23,11,50],[13,23,11,53],[13,23,11,53],[13,23,11,52],[12,24,11,53],[15,29,12,45],[15,29,12,44],[16,29,12,42],[14,27,11,48],[15,26,11,48],[18,30,11,41],[16,30,12,42],[16,32,12,40],[15,26,10,50],[14,23,10,53],[14,23,9,54],[11,23,10,56],[14,25,9,52],[13,24,9,53],[15,29,10,46]]},{"origin":"https://lichess.org","t":[[17,34,8,42],[17,33,8,42],[22,31,7,40],[20,29,7,44],[17,30,6,47],[16,30,6,47],[15,30,7,48],[15,31,6,48],[14,31,6,49],[13,31,6,49],[12,32,6,49],[11,33,6,50],[11,33,6,49],[11,33,6,50],[10,32,6,51],[11,33,6,51],[10,32,6,52],[12,33,7,48],[11,32,8,49],[11,26,7,57],[10,23,7,61],[9,20,6,65],[9,21,6,65],[8,21,6,65],[9,21,6,64],[9,23,6,61],[9,22,6,63],[8,21,5,65],[8,21,6,65],[8,22,6,65],[8,21,6,65],[9,24,6,62],[9,24,6,60],[9,24,6,61],[9,23,6,63],[9,23,6,63],[9,25,7,59],[9,25,7,59],[9,26,7,58],[8,22,6,64],[8,20,6,66],[8,20,5,67],[9,20,6,65],[9,20,6,65],[9,20,6,65],[9,23,6,61]]},{"origin":"https://mail.yahoo.com","t":[[11,62,7,21],[10,63,7,20],[12,62,7,19],[12,60,7,20],[11,60,7,22],[11,61,7,22],[11,61,7,22],[11,60,7,22],[11,60,6,23],[10,60,6,23],[10,60,6,23],[10,59,6,24],[10,60,6,24],[10,60,6,24],[10,59,6,25],[10,58,6,26],[10,58,6,26],[9,56,6,29],[9,55,6,30],[9,45,5,41],[8,39,5,48],[8,35,5,51],[8,35,5,52],[8,34,5,52],[9,36,5,51],[9,37,5,50],[8,36,5,51],[8,35,5,53],[8,35,5,52],[8,35,5,52],[9,36,5,50],[9,36,5,51],[9,35,5,51],[9,35,5,51],[9,35,5,51],[9,35,5,51],[10,37,5,49],[9,36,5,50],[9,34,5,52],[8,33,5,54],[9,32,4,55],[9,32,4,55],[9,32,4,55],[9,32,4,55],[9,31,4,56],[9,35,4,51]]},{"origin":"https://mail.yandex.ru","t":[[9,56,10,25],[9,58,10,24],[9,58,10,23],[9,56,10,25],[8,56,9,28],[7,55,9,28],[8,56,10,26],[8,55,10,27],[8,55,9,28],[8,55,9,28],[8,54,9,30],[7,54,9,31],[8,53,9,31],[7,54,8,31],[7,54,8,31],[6,55,8,31],[6,54,7,32],[6,51,7,36],[6,50,7,36],[6,39,6,48],[5,33,6,56],[6,29,6,60],[6,28,6,60],[5,29,6,61],[6,29,6,60],[5,31,5,59],[5,30,5,60],[5,29,5,60],[5,30,5,60],[5,31,5,59],[5,32,5,58],[5,32,5,58],[5,33,6,57],[5,32,5,57],[5,33,5,57],[5,31,5,59],[5,32,5,58],[5,30,5,60],[5,30,5,61],[4,30,5,61],[4,29,4,63],[4,29,4,62],[4,29,4,62],[4,30,4,62],[4,30,4,61],[4,33,4,58]]},{"origin":"https://mega.nz","t":[[26,51,12,11],[24,52,11,13],[26,50,9,15],[27,47,10,17],[22,46,12,20],[23,48,10,20],[24,44,11,21],[25,45,9,21],[26,43,10,22],[24,44,10,21],[23,46,10,20],[22,45,11,22],[25,42,10,24],[24,43,10,23],[24,44,10,22],[25,42,11,22],[23,44,10,22],[22,43,9,26],[21,38,11,30],[18,34,9,39],[17,28,8,47],[18,25,7,50],[17,25,7,51],[17,23,8,51],[16,26,7,51],[18,28,7,46],[17,27,7,50],[17,24,8,51],[14,26,8,52],[4,7,2,86],[1,1,0,98],[1,1,0,98],[1,1,0,98],[0,1,0,99],[0,1,0,99],[0,1,0,99],[0,1,0,99],[0,1,0,99],[0,1,0,99],[0,1,0,99],[0,2,0,97],[0,2,0,98],[2,3,1,94],[1,1,0,98],[1,1,0,98],[2,1,0,97]]},{"origin":"https://naurok.com.ua","t":[[2,31,5,62],[2,32,6,60],[3,37,7,53],[2,35,7,55],[2,34,6,57],[2,34,6,58],[2,33,7,57],[3,35,6,56],[2,33,7,58],[2,34,7,57],[2,33,6,58],[2,32,6,59],[3,33,6,58],[2,32,5,60],[2,32,5,61],[2,30,5,63],[2,29,4,65],[2,29,5,64],[3,32,5,60],[3,27,5,66],[2,19,4,75],[2,16,4,79],[2,15,3,80],[2,14,3,81],[2,16,4,78],[2,15,4,79],[2,17,3,78],[1,14,3,82],[1,14,3,82],[1,15,3,80],[2,21,4,72],[4,24,5,67],[3,18,5,73],[2,17,4,76],[2,17,4,77],[2,15,4,80],[2,18,4,76],[2,16,4,78],[2,16,3,79],[2,15,3,80],[1,14,3,81],[2,16,3,79],[2,19,4,75],[3,22,5,70],[3,16,4,77],[2,17,4,77]]},{"origin":"https://ndmais.com.br","t":[[2,44,9,45],[2,40,10,48],[17,42,13,28],[17,42,12,28],[15,43,13,29],[16,41,13,30],[18,41,14,27],[16,41,13,30],[16,41,15,28],[15,42,14,29],[15,43,13,28],[14,41,16,29],[6,40,14,41],[3,39,12,46],[3,39,11,46],[4,40,10,46],[3,38,11,48],[3,36,10,51],[3,35,10,52],[3,26,7,63],[3,22,7,69],[2,20,6,72],[2,19,6,73],[2,20,5,72],[2,20,6,72],[3,21,6,70],[3,20,6,71],[2,19,5,73],[2,19,5,73],[3,19,5,73],[3,22,5,70],[3,22,6,69],[4,25,7,64],[4,23,6,67],[3,22,6,69],[3,20,6,71],[3,22,6,69],[4,22,6,69],[4,23,5,68],[3,20,5,71],[3,18,5,74],[3,20,4,72],[3,19,5,73],[3,18,6,73],[3,18,4,75],[4,21,5,70]]},{"origin":"https://noticias.uol.com.br","t":[[1,41,7,51],[13,38,7,42],[46,29,8,17],[44,29,9,19],[40,30,10,20],[35,30,10,25],[36,31,12,22],[34,32,13,21],[33,32,12,24],[30,32,11,27],[21,33,11,35],[34,32,12,23],[35,32,14,20],[35,31,14,20],[38,30,14,19],[36,30,14,19],[36,31,14,19],[36,29,14,21],[34,27,14,25],[33,23,12,32],[29,20,11,40],[27,17,11,46],[28,18,11,43],[27,18,11,45],[31,18,12,40],[32,21,13,34],[26,19,11,44],[26,17,11,45],[25,17,10,47],[26,19,10,44],[29,18,11,41],[32,21,12,34],[29,24,13,34],[33,26,13,28],[32,22,13,33],[35,23,12,30],[14,28,20,38],[14,29,17,40],[33,27,12,28],[26,20,16,38],[22,16,19,44],[23,16,18,43],[18,15,15,52],[11,15,9,66],[14,15,9,61],[17,19,12,53]]},{"origin":"https://noticiasdatv.uol.com.br","t":[[1,38,6,54],[1,39,7,53],[2,41,9,48],[2,41,9,47],[2,41,10,47],[2,40,9,50],[2,38,8,52],[2,37,9,52],[2,38,8,52],[2,39,8,51],[2,38,8,51],[3,38,8,51],[2,37,8,52],[2,36,7,54],[3,37,8,53],[3,36,8,53],[3,35,8,54],[3,33,8,57],[2,32,7,59],[2,24,5,69],[2,19,5,74],[2,18,4,76],[2,18,5,75],[2,17,5,76],[2,17,5,76],[2,18,5,74],[2,19,5,75],[2,17,5,76],[2,17,5,77],[2,17,5,76],[2,20,6,72],[3,21,6,71],[3,22,6,70],[3,21,6,70],[3,21,6,69],[4,22,8,67],[4,22,7,67],[4,23,7,66],[4,22,6,68],[3,20,6,71],[2,18,5,74],[2,19,5,74],[3,18,5,74],[2,18,5,74],[3,18,5,75],[3,23,6,68]]},{"origin":"https://oglobo.globo.com","t":[[38,34,12,16],[42,29,12,16],[41,30,13,16],[45,28,11,16],[42,28,12,18],[42,27,13,18],[41,26,15,19],[36,27,16,21],[35,27,16,22],[33,27,16,23],[32,28,16,24],[32,29,14,25],[30,31,14,26],[30,30,14,26],[29,30,13,27],[29,30,13,27],[27,30,13,30],[27,28,13,32],[24,28,12,36],[23,23,10,45],[21,20,9,51],[19,19,8,54],[18,20,8,54],[19,19,8,54],[21,19,8,52],[20,22,9,50],[20,21,8,51],[19,19,7,55],[19,18,7,56],[20,18,7,55],[22,21,8,49],[26,23,9,43],[26,26,9,39],[26,25,10,40],[23,23,9,45],[24,23,10,43],[27,24,9,40],[28,25,10,37],[29,28,11,32],[22,22,9,47],[19,16,8,56],[18,17,7,58],[18,16,6,60],[20,19,6,55],[21,19,6,55],[22,21,6,51]]},{"origin":"https://padlet.com","t":[[18,56,13,13],[19,54,13,14],[24,52,13,12],[23,51,13,13],[21,52,12,15],[20,52,11,16],[21,51,11,17],[23,51,12,14],[21,51,12,16],[20,51,11,18],[19,51,11,19],[20,49,11,20],[20,51,11,19],[18,52,10,20],[18,51,10,21],[17,52,10,21],[17,52,10,22],[15,50,8,27],[14,50,8,28],[15,43,9,33],[15,38,8,39],[13,35,8,44],[13,35,7,45],[13,34,7,46],[17,38,9,36],[16,38,9,38],[15,37,8,40],[15,37,8,41],[14,38,8,40],[13,37,6,43],[13,37,6,43],[19,42,9,30],[17,40,9,35],[16,38,8,38],[15,39,8,39],[15,37,8,41],[17,40,9,34],[16,38,8,38],[16,39,8,38],[15,38,7,40],[14,37,7,42],[13,36,6,45],[14,35,6,46],[17,39,8,36],[16,38,8,38],[16,39,7,38]]},{"origin":"https://photos.google.com","t":[[69,17,10,4],[68,18,9,5],[68,18,9,5],[69,17,8,6],[68,17,8,7],[67,17,8,7],[68,17,8,7],[68,16,8,7],[68,16,9,7],[68,17,8,7],[67,17,8,8],[68,16,8,8],[67,17,8,8],[67,17,8,8],[68,17,8,7],[68,17,7,8],[68,17,7,8],[67,17,7,10],[68,16,7,10],[63,14,6,17],[61,13,6,21],[60,12,5,23],[59,12,5,23],[60,13,6,22],[61,12,6,21],[62,14,6,18],[62,13,6,19],[57,13,7,24],[57,13,5,25],[56,12,6,26],[54,12,5,28],[59,13,6,23],[59,14,6,21],[60,13,6,21],[57,12,6,25],[57,12,6,25],[58,13,6,23],[57,13,6,24],[58,14,7,21],[55,12,5,28],[53,11,6,30],[53,12,6,30],[54,12,6,28],[54,12,6,29],[54,12,6,28],[56,13,6,25]]},{"origin":"https://poczta.wp.pl","t":[[12,48,12,29],[11,51,13,26],[12,52,13,24],[11,50,12,27],[11,48,11,30],[9,48,11,32],[9,48,11,33],[10,47,11,32],[10,44,11,36],[9,44,12,35],[10,44,13,33],[10,43,12,35],[9,45,12,34],[9,43,11,36],[8,44,12,36],[8,43,11,39],[8,43,11,39],[7,40,11,42],[7,39,11,43],[7,30,10,53],[7,25,10,58],[6,22,9,62],[6,22,9,62],[6,21,9,63],[6,22,9,63],[6,22,9,63],[6,21,8,65],[5,21,8,66],[5,21,7,66],[5,17,7,71],[3,12,4,81],[4,12,5,79],[3,11,5,81],[3,11,4,81],[3,12,5,80],[3,10,4,82],[4,10,4,82],[2,5,2,91],[1,4,1,93],[1,4,1,94],[1,3,1,95],[1,4,1,95],[1,4,1,94],[2,5,2,92],[1,4,2,93],[2,6,2,90]]},{"origin":"https://ria.ru","t":[[1,26,14,59],[1,26,13,60],[1,24,12,63],[1,23,12,64],[1,23,11,65],[0,12,6,82],[0,10,5,85],[0,10,5,85],[0,9,5,86],[0,10,5,85],[0,10,5,85],[0,9,5,85],[0,9,5,85],[0,9,5,85],[0,9,5,86],[0,8,5,87],[0,8,4,88],[0,7,4,88],[0,7,4,88],[0,5,3,91],[0,5,3,92],[0,5,3,92],[0,5,3,92],[0,5,3,92],[0,5,3,92],[0,6,4,90],[0,5,3,91],[0,5,3,91],[0,5,3,92],[0,5,3,91],[0,5,3,91],[1,10,6,83],[1,12,7,79],[0,6,3,91],[0,6,3,91],[0,5,3,92],[0,5,3,92],[1,5,3,91],[0,5,3,91],[0,5,3,92],[0,5,3,92],[0,5,3,92],[0,5,3,92],[0,5,3,92],[0,5,3,92],[0,6,3,91]]},{"origin":"https://shopee.co.id","t":[[3,53,5,40],[3,53,5,40],[5,64,5,27],[6,63,5,26],[5,62,5,27],[5,62,5,28],[5,62,5,28],[5,62,5,29],[5,61,5,29],[5,61,5,29],[5,62,4,29],[5,62,4,29],[5,62,4,29],[5,62,4,30],[5,63,4,29],[4,62,4,29],[4,62,4,30],[4,58,4,33],[4,55,4,36],[4,43,3,49],[4,36,3,57],[4,31,3,63],[4,31,3,63],[4,31,3,62],[4,32,3,62],[4,33,3,60],[4,30,3,63],[3,28,3,66],[4,31,3,63],[4,33,3,60],[4,34,3,59],[4,34,3,58],[4,34,3,58],[5,34,3,58],[5,34,3,58],[4,30,3,62],[4,32,3,61],[4,31,3,61],[5,33,3,59],[4,31,3,61],[4,31,3,62],[4,30,3,63],[4,31,3,62],[4,30,3,62],[5,30,3,62],[5,34,3,58]]},{"origin":"https://shopee.com.br","t":[[5,49,8,38],[4,52,9,36],[6,59,9,25],[6,57,10,27],[6,58,9,27],[6,58,9,27],[7,57,9,28],[6,57,8,29],[7,56,8,30],[6,55,7,31],[7,55,7,31],[6,57,7,31],[7,56,7,31],[7,56,6,31],[7,55,7,31],[7,56,6,31],[7,56,6,31],[7,53,6,34],[7,50,6,37],[6,37,5,52],[5,29,4,61],[5,25,4,66],[5,25,4,67],[5,26,4,65],[5,27,4,63],[5,28,4,63],[5,26,4,65],[5,24,4,67],[5,25,4,66],[6,27,4,63],[6,29,5,61],[6,29,5,60],[7,30,5,59],[6,30,5,59],[6,29,5,60],[6,26,4,64],[6,26,4,63],[6,26,4,64],[6,27,4,62],[6,25,4,64],[6,24,4,66],[6,24,4,66],[6,25,4,65],[6,25,4,65],[6,25,4,65],[7,29,5,60]]},{"origin":"https://steamcommunity.com","t":[[14,53,11,23],[12,51,9,28],[15,52,11,21],[15,51,12,23],[14,52,12,23],[14,52,11,23],[14,52,11,22],[15,51,11,23],[16,50,12,23],[15,50,12,23],[14,51,12,24],[14,50,12,25],[13,51,11,25],[13,51,11,25],[12,52,11,25],[12,52,11,26],[12,51,11,26],[12,49,11,28],[12,49,11,28],[11,37,9,43],[10,31,8,50],[10,29,8,54],[10,29,8,53],[11,28,8,52],[11,29,8,53],[11,30,8,51],[10,29,8,52],[10,28,8,54],[10,29,8,53],[10,28,8,55],[7,21,6,66],[8,21,6,66],[8,22,6,64],[8,23,6,62],[8,21,5,66],[8,19,5,69],[7,17,4,71],[6,16,4,74],[5,17,4,74],[4,14,3,79],[4,16,4,76],[5,18,4,72],[6,17,4,72],[6,16,4,73],[6,15,4,75],[7,18,4,71]]},{"origin":"https://testbook.com","t":[[4,56,13,27],[3,62,8,26],[3,66,6,26],[5,54,13,28],[5,54,13,29],[5,54,13,29],[5,54,13,29],[5,54,13,29],[5,55,12,28],[4,55,12,29],[4,54,12,31],[4,54,11,31],[4,53,12,31],[4,52,11,32],[5,53,10,32],[10,51,10,29],[38,32,10,21],[36,32,10,22],[39,32,11,19],[35,26,10,29],[35,24,10,31],[36,22,9,33],[34,25,9,33],[33,26,9,32],[34,24,9,32],[36,25,9,29],[35,24,9,32],[34,25,9,32],[34,25,10,31],[33,26,10,31],[33,27,10,30],[36,29,10,25],[37,29,10,24],[38,28,11,24],[36,27,10,27],[35,28,10,27],[34,30,11,26],[37,27,11,25],[44,25,11,20],[39,24,10,27],[38,22,10,31],[37,23,10,30],[37,24,10,29],[38,24,10,29],[38,24,10,28],[39,26,10,25]]},{"origin":"https://tinder.com","t":[[33,46,15,6],[27,52,13,7],[28,53,13,7],[27,53,13,8],[25,54,12,9],[24,54,11,11],[23,54,11,12],[23,53,11,13],[23,53,11,13],[22,54,11,14],[21,54,10,15],[22,53,10,15],[22,53,10,15],[22,52,10,16],[22,52,10,16],[22,52,10,16],[21,53,9,17],[20,50,9,21],[20,49,9,22],[16,37,8,40],[15,30,7,48],[14,26,7,53],[13,26,7,54],[13,26,7,55],[13,27,7,53],[14,29,7,49],[13,28,7,52],[12,27,6,55],[13,27,6,54],[13,27,6,53],[14,27,7,52],[15,30,7,49],[15,30,7,48],[16,29,7,48],[14,28,7,51],[15,26,7,51],[18,28,8,46],[19,28,7,45],[18,31,8,44],[16,27,7,50],[15,25,7,53],[15,25,7,53],[17,25,7,51],[18,26,7,50],[17,26,7,50],[18,31,8,43]]},{"origin":"https://twitter.com","t":[[76,14,10,1],[76,14,10,1],[77,13,9,1],[77,12,9,2],[77,12,9,3],[76,12,9,3],[75,12,9,3],[75,12,10,3],[74,13,10,3],[74,13,10,3],[74,12,10,4],[74,13,9,4],[74,13,10,4],[74,13,9,4],[73,13,9,4],[73,14,9,4],[73,14,9,4],[71,14,9,6],[70,14,9,7],[66,10,8,15],[65,8,7,20],[64,7,6,22],[63,8,7,22],[64,8,7,22],[64,8,7,21],[67,9,8,17],[65,9,8,19],[62,8,7,23],[57,10,7,26],[42,16,8,34],[39,15,8,39],[42,16,8,34],[46,15,8,32],[45,15,8,32],[39,15,8,38],[36,16,10,38],[37,17,8,37],[35,18,10,37],[33,18,13,35],[35,16,9,40],[35,13,8,44],[35,12,7,46],[38,9,6,47],[36,10,6,47],[35,10,6,48],[36,11,7,46]]},{"origin":"https://txxx.com","t":[[3,44,11,43],[3,46,11,40],[4,49,11,36],[4,47,11,38],[3,39,9,48],[3,40,9,48],[3,39,9,49],[3,36,9,52],[2,34,9,55],[2,35,9,54],[2,38,9,50],[2,36,9,53],[2,36,9,53],[2,38,9,51],[2,38,9,50],[3,38,9,50],[2,38,9,51],[2,36,9,53],[2,34,9,55],[2,25,8,65],[2,22,7,70],[2,19,7,73],[2,18,7,73],[2,17,7,74],[2,17,7,75],[2,18,7,74],[2,18,7,74],[1,17,6,75],[1,19,7,73],[2,21,7,71],[2,24,8,66],[2,25,9,64],[2,26,8,64],[2,26,9,63],[2,26,9,63],[2,24,8,66],[2,23,8,67],[2,23,8,67],[2,24,8,65],[2,23,8,68],[2,22,7,69],[2,22,7,69],[2,21,8,69],[2,22,8,69],[2,22,8,69],[2,23,8,67]]},{"origin":"https://udn.com","t":[[3,49,6,43],[2,49,5,43],[3,49,5,43],[2,48,5,45],[2,47,5,46],[2,46,5,48],[2,45,4,48],[2,44,5,49],[2,44,5,50],[2,45,5,49],[2,44,4,50],[2,44,4,50],[2,43,4,51],[2,43,4,51],[1,33,3,63],[1,33,3,63],[2,33,3,63],[2,33,3,62],[1,31,2,65],[1,22,2,75],[1,18,2,79],[1,15,2,82],[1,15,2,82],[1,15,2,82],[1,15,2,82],[1,16,2,81],[1,15,2,82],[1,15,2,82],[1,15,2,81],[1,15,2,82],[1,15,2,82],[1,16,2,81],[1,16,2,80],[1,16,2,80],[1,17,2,80],[1,15,2,82],[1,15,2,82],[1,15,2,82],[1,15,2,81],[1,14,2,83],[1,14,2,83],[1,13,2,84],[1,13,2,84],[1,13,2,85],[1,13,2,84],[1,16,2,81]]},{"origin":"https://us.shein.com","t":[[2,27,4,66],[2,30,5,63],[4,35,6,56],[4,38,6,52],[6,38,6,49],[7,37,8,48],[5,38,8,49],[5,38,8,49],[5,38,8,48],[5,38,8,49],[5,39,8,48],[5,38,7,49],[5,39,7,49],[5,36,7,53],[5,37,7,51],[5,36,7,52],[5,36,7,52],[4,35,7,54],[4,35,7,54],[4,30,6,59],[5,26,6,63],[4,23,6,67],[5,25,6,64],[5,23,6,66],[5,24,6,65],[5,25,6,65],[5,25,5,65],[4,23,5,67],[4,24,5,66],[4,23,5,67],[4,25,5,66],[5,26,6,64],[5,25,6,65],[5,24,5,66],[5,25,6,65],[5,23,5,67],[5,23,6,66],[5,23,6,67],[5,24,6,65],[5,23,5,67],[5,22,5,68],[4,21,5,69],[4,22,5,69],[5,22,5,68],[5,22,5,68],[5,23,5,66]]},{"origin":"https://veja.abril.com.br","t":[[1,39,8,52],[5,53,5,37],[8,51,7,34],[7,51,10,32],[6,50,11,33],[6,50,12,33],[5,51,11,33],[2,41,9,48],[2,41,8,49],[2,40,8,50],[2,39,8,50],[2,33,9,55],[3,34,9,55],[2,34,9,55],[3,34,9,55],[2,34,8,56],[2,34,8,56],[2,31,7,59],[2,28,7,62],[2,22,6,70],[2,19,6,73],[2,17,5,76],[2,17,5,76],[2,16,5,77],[2,16,5,77],[2,17,5,76],[2,17,5,76],[2,16,5,78],[2,16,5,78],[2,16,5,77],[2,18,5,74],[2,20,6,72],[2,20,6,72],[3,20,6,72],[3,19,5,73],[3,18,5,74],[3,18,5,73],[3,19,6,71],[3,21,6,70],[3,20,5,71],[3,20,5,72],[3,18,5,74],[3,18,5,75],[3,19,5,72],[3,19,5,72],[3,22,6,69]]},{"origin":"https://vjav.com","t":[[2,35,9,53],[3,37,10,51],[3,41,11,45],[3,42,12,43],[3,42,11,44],[3,41,11,46],[3,38,10,50],[3,36,10,52],[3,36,9,52],[3,38,9,51],[3,38,9,49],[3,38,10,49],[3,38,10,49],[3,39,9,49],[3,38,9,50],[3,37,9,51],[2,37,9,52],[2,35,8,54],[2,34,8,56],[2,25,7,66],[1,21,6,72],[2,18,6,74],[2,17,6,75],[1,17,6,76],[1,16,6,76],[1,18,6,75],[1,17,6,76],[1,17,6,76],[1,18,6,74],[2,19,6,74],[1,23,6,69],[2,24,7,68],[2,24,7,68],[2,24,7,67],[2,25,7,66],[2,22,7,70],[1,21,7,71],[2,22,7,70],[2,23,7,69],[2,21,7,71],[2,20,6,72],[2,19,6,73],[1,20,7,72],[1,21,6,71],[1,20,7,72],[2,22,7,69]]},{"origin":"https://vk.com","t":[[76,13,11,1],[77,12,10,1],[77,12,10,1],[75,12,10,3],[73,13,10,4],[74,12,10,4],[75,11,10,4],[76,11,10,4],[75,11,9,4],[74,12,10,4],[74,12,10,4],[74,12,10,5],[74,11,10,4],[75,11,10,4],[74,12,10,4],[74,12,10,5],[73,12,10,5],[73,11,9,6],[73,11,9,7],[69,9,8,14],[65,8,7,19],[63,8,7,22],[64,8,7,22],[63,8,7,23],[65,8,7,20],[67,9,7,17],[64,8,6,21],[63,8,6,22],[63,9,6,22],[61,8,6,25],[39,5,4,52],[42,6,4,49],[44,6,5,45],[47,7,4,42],[43,6,5,47],[39,5,4,52],[39,5,4,52],[38,6,4,53],[40,6,5,49],[38,6,4,52],[38,6,4,51],[37,6,4,53],[38,6,4,51],[41,6,5,48],[42,6,4,47],[42,6,5,47]]},{"origin":"https://web.facebook.com","t":[[34,49,7,10],[26,53,7,14],[21,55,7,17],[19,55,6,19],[16,55,5,23],[15,55,5,24],[14,56,5,25],[14,55,5,26],[14,55,5,26],[13,55,5,27],[12,55,5,28],[13,54,5,29],[13,53,4,29],[13,53,5,29],[13,53,5,30],[13,53,5,30],[12,54,4,30],[12,52,4,32],[12,52,4,33],[11,44,4,41],[11,39,4,46],[11,37,4,49],[11,37,4,49],[10,37,4,49],[10,38,4,48],[11,39,4,46],[10,38,4,48],[10,37,4,50],[10,37,3,49],[10,37,3,50],[10,36,3,51],[10,35,3,51],[10,36,3,51],[10,35,3,52],[9,35,3,53],[10,33,3,55],[9,35,3,53],[10,34,3,53],[10,34,3,53],[9,33,3,54],[9,33,3,55],[9,32,3,55],[9,33,3,55],[10,33,3,54],[10,32,3,55],[10,35,3,52]]},{"origin":"https://web.whatsapp.com","t":[[39,52,8,1],[39,53,8,1],[42,48,8,1],[39,50,8,2],[37,52,8,3],[36,53,8,3],[36,53,8,4],[35,53,8,4],[34,54,8,4],[30,57,8,4],[30,57,8,5],[31,57,8,5],[31,57,8,5],[31,56,7,5],[31,57,8,5],[28,58,8,5],[28,57,10,5],[28,56,9,7],[28,55,9,8],[27,48,8,17],[26,44,8,22],[30,38,7,26],[25,43,6,26],[25,43,6,25],[28,43,6,23],[29,45,7,20],[28,43,7,22],[27,40,6,26],[26,41,6,26],[26,42,6,27],[35,34,6,24],[46,29,5,20],[53,26,5,16],[54,25,5,16],[52,24,4,19],[52,25,4,19],[53,25,4,17],[50,27,5,18],[45,33,5,17],[44,29,5,22],[44,26,6,24],[43,27,5,25],[44,27,5,23],[42,29,5,24],[39,31,5,25],[37,33,7,23]]},{"origin":"https://woman.excite.co.jp","t":[[2,22,7,70],[2,24,8,66],[2,26,9,62],[3,26,10,62],[3,26,10,62],[2,25,9,64],[2,24,8,66],[2,24,8,66],[2,24,8,67],[2,23,8,68],[2,23,7,68],[2,23,7,68],[2,23,7,68],[2,23,7,68],[1,22,7,70],[2,22,7,69],[2,21,8,69],[1,19,7,73],[2,20,7,72],[1,15,6,78],[1,12,6,81],[1,10,4,84],[1,12,5,81],[1,12,5,81],[1,13,5,80],[2,14,6,78],[2,13,6,80],[2,11,5,82],[2,13,5,80],[2,13,6,80],[2,13,7,78],[2,14,8,77],[2,14,7,77],[2,15,7,76],[2,15,6,77],[2,13,7,78],[2,14,6,78],[2,12,6,80],[3,12,6,79],[2,12,5,80],[2,12,6,81],[2,13,6,80],[2,12,5,81],[2,11,5,82],[2,12,5,81],[2,13,6,79]]},{"origin":"https://www.abc.es","t":[[2,32,8,57],[2,31,8,59],[3,32,9,56],[3,32,9,56],[3,31,9,57],[3,30,8,59],[3,30,8,59],[3,30,9,58],[3,30,8,59],[2,30,8,60],[3,30,9,59],[3,29,8,60],[2,30,8,60],[3,32,8,57],[3,31,9,57],[3,32,10,54],[3,32,10,55],[3,30,10,57],[3,30,10,57],[3,24,9,64],[3,22,8,67],[3,20,8,70],[2,20,7,70],[2,19,7,72],[2,20,7,71],[3,22,8,67],[3,21,8,68],[2,19,8,71],[2,20,7,70],[2,19,7,71],[2,20,7,71],[2,21,8,69],[2,21,7,70],[2,20,7,71],[2,19,7,72],[3,17,7,73],[3,18,7,72],[3,19,7,71],[3,19,7,71],[2,16,6,75],[2,15,6,77],[2,15,6,78],[2,15,6,77],[2,17,7,74],[2,18,6,74],[2,19,7,72]]},{"origin":"https://www.ad.nl","t":[[3,25,7,66],[3,27,7,63],[4,31,9,57],[3,29,9,58],[3,30,8,59],[3,29,8,60],[3,27,8,62],[4,28,11,57],[8,41,21,30],[8,41,20,31],[8,41,19,32],[8,40,18,33],[7,40,19,34],[7,41,18,34],[7,39,18,36],[7,39,17,37],[6,38,17,38],[6,37,17,40],[6,36,17,40],[6,30,15,49],[5,28,14,53],[5,24,12,58],[5,24,12,60],[5,23,11,61],[5,23,12,60],[5,25,12,57],[2,19,6,73],[2,17,6,75],[2,18,6,74],[2,17,6,74],[3,17,7,73],[3,18,7,73],[3,20,7,70],[3,19,7,72],[3,19,7,72],[2,17,6,74],[2,18,6,73],[3,18,6,74],[3,19,7,71],[2,17,6,75],[2,16,6,76],[4,18,10,68],[5,19,14,61],[5,20,13,61],[5,22,13,60],[6,24,15,55]]},{"origin":"https://www.arabam.com","t":[[2,35,6,57],[3,38,7,53],[4,41,10,45],[3,39,11,47],[4,39,11,46],[3,39,11,47],[3,38,10,49],[3,37,10,50],[3,37,10,50],[3,36,11,50],[3,36,10,50],[2,36,11,51],[3,36,10,51],[2,35,10,52],[3,35,10,53],[2,34,11,53],[3,34,11,53],[3,32,10,55],[2,31,10,57],[2,22,8,68],[2,18,6,73],[2,16,6,76],[2,17,6,75],[2,16,6,76],[2,16,6,77],[2,17,6,75],[2,16,6,76],[2,15,5,78],[2,16,6,76],[2,16,6,76],[2,17,7,74],[2,18,7,73],[3,18,7,72],[3,18,7,72],[2,18,7,73],[3,17,6,74],[3,18,6,73],[3,18,7,73],[3,20,7,69],[3,16,7,74],[2,14,6,78],[3,15,6,77],[2,15,6,77],[2,14,6,77],[3,14,6,77],[4,20,12,64]]},{"origin":"https://www.avito.ru","t":[[3,26,5,67],[3,28,6,63],[4,33,7,56],[4,32,7,57],[4,31,7,58],[4,31,6,59],[4,30,6,60],[4,30,6,60],[3,30,6,60],[3,31,6,60],[3,31,6,60],[3,32,6,59],[4,32,6,59],[4,32,6,59],[4,31,6,59],[3,33,6,57],[3,34,6,57],[3,32,6,59],[3,31,6,60],[3,23,5,68],[3,19,5,73],[3,17,4,76],[3,17,4,76],[3,16,4,77],[3,17,5,76],[3,18,4,75],[3,17,4,76],[3,17,4,76],[3,18,4,76],[3,18,4,75],[3,18,4,75],[3,18,4,75],[3,18,4,75],[3,18,4,76],[3,18,4,76],[3,16,3,79],[3,16,3,77],[3,16,3,78],[3,16,3,78],[3,16,3,78],[3,16,3,78],[2,15,3,79],[2,16,3,79],[2,16,3,79],[3,15,3,79],[3,18,3,76]]},{"origin":"https://www.bestbuy.com","t":[[13,30,11,46],[13,31,11,45],[13,31,10,46],[13,30,10,46],[13,30,9,48],[13,29,9,49],[12,29,10,49],[13,30,10,48],[13,30,9,48],[13,30,10,48],[14,31,9,47],[13,30,9,48],[11,30,9,50],[11,30,9,50],[12,30,9,50],[12,30,9,50],[11,29,8,51],[11,29,8,52],[11,29,9,52],[10,24,8,59],[10,21,7,61],[10,20,7,64],[9,19,7,65],[10,19,7,64],[9,19,7,64],[10,21,7,62],[10,20,7,64],[9,19,7,64],[10,20,7,64],[7,21,5,67],[4,23,4,69],[4,22,4,70],[4,22,3,70],[4,21,3,71],[4,21,3,72],[5,19,3,73],[4,21,3,72],[4,20,3,73],[4,21,3,72],[4,21,3,73],[4,19,3,75],[4,19,3,74],[4,20,3,74],[4,20,3,73],[4,19,3,75],[5,22,3,70]]},{"origin":"https://www.bet365.com","t":[[45,46,8,2],[45,45,8,2],[52,39,7,2],[54,37,7,3],[53,37,7,3],[52,38,7,3],[56,33,7,4],[56,33,7,4],[56,33,7,4],[58,31,7,4],[60,30,6,4],[60,29,6,5],[62,29,5,4],[61,29,6,4],[61,29,6,4],[60,30,6,5],[62,29,5,4],[59,29,5,7],[59,28,5,7],[57,22,4,17],[56,19,4,22],[54,18,4,24],[54,18,4,25],[54,19,4,24],[55,19,4,22],[54,22,4,20],[53,22,4,21],[52,20,3,25],[51,20,4,25],[51,20,4,26],[47,18,2,33],[50,21,3,26],[49,21,3,27],[47,21,3,29],[39,17,3,41],[42,17,3,37],[45,18,3,34],[44,18,3,35],[39,17,3,41],[36,15,3,46],[40,15,4,42],[44,17,3,36],[41,16,4,40],[44,16,2,38],[42,16,3,39],[45,20,4,31]]},{"origin":"https://www.bikewale.com","t":[[3,38,10,50],[2,40,11,47],[3,40,10,47],[3,38,12,47],[3,41,10,46],[3,41,10,46],[3,40,10,46],[3,40,10,47],[3,39,10,48],[3,39,10,48],[3,38,10,49],[3,38,10,50],[3,38,10,50],[3,38,10,50],[3,38,10,50],[3,37,10,51],[3,37,9,51],[3,36,9,52],[3,34,10,53],[3,27,8,63],[2,23,7,68],[2,20,7,70],[2,20,7,71],[2,21,7,69],[2,21,7,70],[3,22,7,68],[2,21,6,70],[2,21,6,70],[3,21,7,69],[2,22,7,69],[3,24,8,65],[3,23,8,66],[3,24,7,65],[3,24,7,66],[3,24,7,66],[3,22,7,68],[3,22,7,68],[3,23,7,67],[3,23,7,67],[3,23,6,68],[3,21,6,70],[3,23,6,68],[3,23,6,68],[5,27,7,61],[4,26,7,63],[3,29,7,61]]},{"origin":"https://www.boredpanda.com","t":[[2,35,15,48],[2,35,14,48],[2,37,16,45],[2,36,16,46],[2,34,15,49],[2,34,15,49],[1,16,7,75],[1,14,6,79],[1,14,6,79],[1,14,6,79],[1,14,6,79],[1,14,7,79],[1,13,7,79],[1,14,7,79],[1,13,6,81],[1,12,6,82],[1,12,5,82],[1,11,6,83],[1,11,5,83],[0,9,5,86],[1,7,4,88],[0,7,4,89],[0,7,4,89],[0,6,4,90],[1,7,4,89],[0,7,4,88],[0,6,4,89],[0,7,4,89],[0,7,4,89],[0,6,4,89],[0,6,4,89],[1,14,9,76],[1,17,10,72],[1,8,4,87],[1,7,4,88],[0,7,4,89],[1,7,5,87],[1,7,5,88],[1,7,4,88],[1,6,4,89],[1,7,4,88],[1,6,4,89],[1,6,4,89],[1,6,4,89],[1,7,4,89],[1,7,5,87]]},{"origin":"https://www.carsensor.net","t":[[21,45,19,15],[22,46,18,15],[20,45,19,16],[20,45,19,17],[21,45,17,17],[20,44,19,18],[21,42,18,19],[20,45,18,18],[19,45,18,19],[19,44,19,18],[18,45,18,20],[18,45,18,20],[17,44,18,21],[19,42,17,21],[17,42,18,22],[18,43,18,21],[18,41,19,22],[17,42,18,23],[16,40,20,24],[14,31,17,38],[13,28,14,46],[14,26,11,50],[13,28,12,47],[12,26,14,48],[13,27,14,47],[15,30,16,38],[14,30,14,41],[12,28,14,45],[12,25,15,48],[13,27,13,48],[12,25,13,50],[14,27,14,45],[15,28,14,43],[13,29,13,44],[13,28,14,45],[13,26,12,49],[12,27,14,47],[12,27,14,47],[13,32,15,40],[11,28,13,48],[11,23,14,52],[11,22,14,54],[9,23,15,52],[10,23,14,53],[10,24,13,53],[12,26,16,46]]},{"origin":"https://www.championat.com","t":[[0,19,3,77],[0,22,4,73],[0,29,5,66],[0,27,6,66],[0,25,6,68],[0,13,4,82],[0,12,4,84],[0,11,3,85],[0,12,3,85],[0,10,4,86],[0,11,3,85],[0,11,4,85],[0,11,3,86],[0,11,3,86],[0,9,3,87],[0,9,3,88],[0,9,3,88],[0,7,3,89],[0,8,3,89],[0,6,2,92],[0,5,2,93],[0,5,2,93],[0,5,2,93],[0,5,1,94],[0,5,1,94],[0,4,2,93],[0,5,1,93],[0,5,1,94],[1,11,5,83],[0,12,4,84],[0,12,4,84],[1,12,4,83],[1,12,3,84],[1,12,3,84],[1,12,4,84],[1,9,3,86],[0,7,2,90],[0,5,1,93],[0,5,2,93],[0,5,1,93],[0,5,2,93],[0,5,2,93],[0,6,2,92],[0,5,2,93],[0,5,1,93],[0,7,2,91]]},{"origin":"https://www.chess.com","t":[[12,70,12,6],[12,69,12,7],[16,62,14,8],[16,60,13,11],[13,63,13,11],[11,65,12,12],[10,65,11,13],[11,64,12,14],[11,61,12,16],[12,59,13,16],[12,59,13,17],[10,60,12,18],[10,61,12,17],[9,63,11,17],[9,63,11,18],[8,62,10,19],[8,63,10,18],[8,60,9,23],[7,59,9,24],[7,46,9,38],[8,40,10,43],[8,36,9,47],[7,36,9,48],[7,36,8,49],[7,37,9,47],[7,38,9,46],[7,37,9,47],[7,37,8,48],[7,38,8,47],[6,37,8,49],[6,37,7,50],[7,40,9,45],[7,41,9,44],[7,40,8,44],[7,41,8,43],[8,40,8,44],[8,44,9,39],[9,43,9,39],[9,45,8,38],[8,44,8,40],[8,42,8,41],[7,39,7,48],[6,37,6,51],[7,38,7,48],[8,38,8,46],[9,42,8,41]]},{"origin":"https://www.chinatimes.com","t":[[2,24,5,69],[2,27,5,66],[2,31,5,62],[2,32,5,61],[2,32,4,61],[2,31,4,63],[2,26,4,68],[2,25,5,68],[2,23,5,70],[2,23,5,70],[2,24,5,69],[2,24,5,69],[2,24,5,68],[2,23,5,70],[2,23,5,70],[2,23,5,70],[2,23,5,69],[3,25,5,66],[2,27,3,67],[1,19,2,77],[1,15,2,82],[1,13,2,84],[1,13,2,84],[1,13,2,84],[1,12,2,85],[1,13,2,84],[1,13,2,84],[1,13,2,84],[1,13,2,84],[1,13,2,84],[1,14,2,83],[1,14,2,83],[1,15,2,81],[1,15,2,81],[1,15,2,81],[1,13,2,83],[1,13,2,83],[1,14,2,83],[2,14,2,82],[1,13,2,83],[1,12,2,85],[1,12,2,85],[1,12,2,84],[1,12,2,85],[1,12,2,85],[1,14,2,82]]},{"origin":"https://www.cimri.com","t":[[1,27,6,67],[1,30,7,61],[2,33,8,57],[2,31,8,59],[1,31,8,60],[1,29,8,62],[1,28,8,63],[1,28,7,64],[1,29,7,63],[1,27,7,65],[1,28,7,64],[1,28,7,64],[1,26,6,67],[1,26,6,67],[1,25,5,69],[1,26,5,68],[1,25,5,69],[1,24,5,71],[1,22,5,72],[1,17,4,79],[1,14,3,82],[1,12,3,83],[1,12,3,84],[1,12,3,84],[1,12,3,85],[1,12,3,84],[1,12,3,84],[1,11,3,86],[1,11,3,86],[1,11,3,85],[1,13,4,82],[1,13,4,82],[1,15,4,80],[1,13,4,82],[1,13,4,82],[1,12,3,84],[1,11,3,84],[1,11,3,84],[1,12,4,83],[1,11,3,84],[1,10,3,86],[1,10,3,86],[1,10,3,86],[1,10,3,86],[1,10,4,85],[1,11,4,84]]},{"origin":"https://www.cnbcindonesia.com","t":[[1,35,7,57],[2,34,7,57],[2,36,7,55],[2,36,7,55],[1,36,7,55],[2,35,7,57],[1,35,6,57],[2,34,7,58],[2,35,7,57],[1,35,7,57],[1,34,6,59],[1,33,5,60],[1,33,6,60],[1,33,6,60],[1,33,6,60],[1,34,6,59],[1,34,5,60],[1,32,5,61],[1,32,6,62],[1,24,4,71],[1,19,4,76],[1,17,4,78],[1,17,4,78],[1,17,4,78],[1,18,4,77],[1,18,4,76],[1,18,4,77],[1,18,4,77],[1,19,4,76],[1,18,4,76],[1,21,5,73],[1,21,5,73],[2,21,5,72],[1,21,4,73],[2,21,5,72],[1,21,4,73],[1,23,5,70],[2,22,5,71],[1,22,5,72],[2,20,5,74],[1,20,4,75],[1,18,4,77],[1,19,4,76],[1,20,4,75],[2,22,4,72],[2,24,5,70]]},{"origin":"https://www.cnnindonesia.com","t":[[1,40,7,52],[2,40,7,51],[2,41,7,51],[2,39,7,52],[1,39,7,53],[1,39,7,53],[2,39,7,52],[2,37,7,54],[2,39,8,52],[2,39,7,52],[1,39,7,53],[1,37,6,55],[1,37,6,55],[1,37,6,56],[1,36,6,57],[1,37,6,56],[1,36,6,57],[1,35,6,58],[1,34,6,59],[1,26,5,68],[1,21,4,74],[1,19,4,76],[1,19,4,76],[1,18,4,77],[1,20,4,75],[1,20,4,75],[1,20,4,75],[1,19,4,76],[1,20,4,75],[1,20,4,75],[1,21,5,73],[1,22,5,72],[2,22,5,71],[1,22,5,72],[2,22,5,71],[1,21,5,73],[1,23,5,71],[2,22,5,71],[2,23,5,70],[1,21,5,73],[1,21,4,73],[2,20,4,75],[2,21,4,73],[1,20,4,75],[2,21,4,73],[2,23,4,71]]},{"origin":"https://www.correiobraziliense.com.br","t":[[41,31,8,19],[45,27,8,20],[41,26,9,24],[43,24,8,24],[45,23,8,24],[42,24,9,25],[42,24,8,25],[43,24,7,26],[40,27,9,24],[40,25,8,26],[35,27,11,27],[32,27,11,29],[36,26,11,27],[34,28,9,29],[33,28,10,29],[30,30,10,30],[29,28,10,32],[29,27,9,35],[28,26,9,36],[24,22,9,45],[23,19,7,52],[20,17,7,56],[20,17,7,56],[21,16,7,56],[21,16,7,56],[24,20,6,50],[23,18,8,51],[21,17,6,56],[20,17,5,58],[19,17,5,59],[22,18,6,55],[24,20,8,48],[26,22,6,46],[25,22,7,46],[23,19,6,52],[26,17,6,51],[26,18,6,50],[22,18,6,54],[27,23,7,43],[28,17,5,51],[25,14,5,55],[23,15,6,56],[27,13,5,56],[26,16,6,52],[26,14,6,53],[27,17,5,51]]},{"origin":"https://www.dailymail.co.uk","t":[[3,32,16,49],[3,31,13,53],[4,31,15,51],[3,30,15,51],[3,29,14,53],[3,28,14,55],[3,27,14,56],[2,27,13,58],[2,28,12,58],[3,28,12,57],[2,28,12,57],[3,28,13,57],[3,27,13,58],[3,27,12,58],[3,28,12,58],[3,28,12,58],[3,27,11,59],[2,25,11,61],[2,24,12,62],[2,19,10,69],[2,17,9,72],[2,15,9,74],[2,15,8,75],[2,15,8,75],[2,16,8,74],[2,16,9,73],[2,16,8,74],[1,15,8,75],[1,15,8,75],[2,15,8,76],[2,16,8,74],[2,16,9,74],[2,17,9,72],[2,17,9,72],[2,17,8,73],[2,16,8,74],[1,12,6,81],[1,7,4,89],[1,7,4,89],[1,6,4,90],[1,9,6,83],[2,13,8,77],[2,13,8,77],[2,13,8,77],[2,13,8,77],[2,15,9,74]]},{"origin":"https://www.detik.com","t":[[1,30,3,67],[1,31,3,64],[2,38,6,55],[1,38,6,55],[1,41,6,51],[1,35,5,58],[1,38,6,56],[1,35,5,59],[1,34,5,60],[1,34,5,60],[1,34,4,61],[1,34,4,61],[1,33,4,62],[1,33,4,62],[1,33,4,62],[1,37,4,58],[1,35,4,61],[1,31,4,63],[1,31,4,63],[1,24,4,72],[1,20,4,76],[1,18,3,78],[1,18,3,78],[1,18,3,78],[1,18,4,77],[1,19,4,76],[1,18,3,77],[1,21,4,74],[1,20,4,75],[1,19,3,77],[1,22,4,73],[1,22,4,73],[1,21,4,74],[1,22,4,73],[1,22,4,73],[1,22,4,73],[1,22,4,73],[1,21,4,73],[1,23,4,72],[1,24,4,70],[1,20,4,75],[1,19,4,76],[1,20,4,75],[1,19,4,76],[1,20,4,76],[1,22,4,73]]},{"origin":"https://www.elespanol.com","t":[[4,42,17,38],[4,44,19,33],[6,41,21,32],[6,42,21,31],[6,47,20,27],[6,45,19,30],[5,46,19,30],[5,45,19,31],[6,45,20,29],[4,41,17,38],[4,40,18,38],[5,39,17,39],[4,39,16,40],[4,39,16,41],[4,39,16,41],[4,38,16,42],[4,39,16,40],[4,38,17,41],[4,36,16,44],[4,27,14,55],[3,23,12,62],[3,20,11,67],[3,20,11,66],[3,20,10,67],[3,20,11,66],[3,21,11,65],[3,21,11,65],[3,19,10,67],[3,20,10,67],[3,20,10,67],[3,22,12,63],[3,22,12,62],[3,22,9,67],[2,22,8,67],[2,21,8,70],[3,20,8,69],[3,22,8,67],[3,22,8,67],[3,22,8,67],[2,19,7,71],[2,17,7,74],[2,16,7,75],[2,16,6,76],[2,17,7,74],[2,17,7,74],[2,19,7,71]]},{"origin":"https://www.elo7.com.br","t":[[60,21,5,14],[60,21,5,14],[60,21,5,14],[61,19,6,14],[61,19,6,14],[61,18,6,15],[60,19,5,16],[60,19,5,16],[61,18,5,16],[61,18,5,16],[60,18,4,17],[61,18,5,16],[61,18,5,17],[60,18,5,17],[61,18,5,16],[60,18,4,18],[60,18,5,17],[57,17,5,21],[56,18,4,22],[49,12,3,36],[46,10,3,40],[45,9,3,44],[44,10,3,44],[5,19,4,72],[4,20,4,73],[3,20,3,74],[3,20,3,74],[3,19,3,75],[3,19,3,75],[3,19,3,75],[3,20,3,74],[3,20,3,73],[3,21,3,73],[4,21,4,71],[9,20,5,67],[18,18,6,57],[5,20,4,71],[5,20,3,72],[4,20,3,73],[4,18,3,75],[4,18,3,76],[4,17,3,76],[4,17,3,76],[15,17,5,63],[4,17,3,76],[5,19,3,73]]},{"origin":"https://www.emag.ro","t":[[3,22,5,70],[3,22,5,69],[5,28,8,60],[5,27,7,61],[4,27,6,63],[4,25,6,64],[4,25,6,64],[4,25,6,66],[4,24,6,66],[4,24,6,67],[4,24,6,67],[4,24,6,67],[4,23,6,67],[4,23,6,68],[4,23,5,68],[3,23,6,69],[3,23,5,69],[3,23,6,68],[3,22,6,69],[3,17,5,75],[3,15,5,78],[3,14,4,79],[3,13,4,80],[3,13,4,80],[3,13,5,79],[3,13,4,79],[3,13,5,79],[3,13,4,80],[3,13,4,80],[3,13,4,80],[3,14,5,78],[3,14,5,79],[3,14,5,79],[3,14,4,79],[3,13,4,80],[3,12,4,82],[3,12,4,81],[3,11,4,82],[3,12,4,82],[2,11,4,82],[3,11,4,83],[3,12,4,81],[2,12,4,82],[3,13,4,80],[3,15,5,77],[4,17,5,75]]},{"origin":"https://www.facebook.com","t":[[22,52,20,6],[22,52,19,7],[24,49,19,8],[24,47,19,10],[23,47,18,12],[23,47,17,13],[20,50,16,13],[20,50,16,14],[19,51,15,15],[19,50,15,16],[19,50,14,17],[19,49,15,17],[19,49,15,16],[19,48,15,17],[19,49,15,17],[18,49,15,18],[18,49,15,19],[18,47,14,20],[18,46,15,22],[16,41,13,29],[16,36,13,35],[15,34,12,39],[15,34,12,39],[15,33,12,40],[15,34,12,39],[15,36,12,37],[15,35,12,38],[15,34,12,39],[15,36,12,36],[16,36,13,34],[17,37,13,32],[17,37,14,32],[17,39,13,32],[17,39,12,32],[17,39,12,32],[17,36,12,35],[17,37,12,33],[17,37,12,34],[17,38,12,33],[16,37,12,35],[16,36,12,36],[16,36,12,36],[16,36,12,36],[16,37,12,36],[16,37,12,36],[16,40,12,32]]},{"origin":"https://www.fanatik.com.tr","t":[[1,30,5,64],[2,34,7,58],[2,38,9,51],[2,36,9,52],[1,36,9,53],[2,35,8,56],[1,34,7,57],[1,34,7,58],[1,33,7,58],[1,33,8,58],[1,33,8,58],[1,33,8,58],[1,31,7,61],[1,32,7,59],[1,33,7,59],[1,25,5,69],[1,20,5,74],[1,15,3,81],[1,20,5,74],[0,10,3,87],[0,7,2,90],[0,7,2,90],[0,7,2,91],[0,7,2,91],[1,14,4,82],[1,14,4,81],[1,14,5,80],[1,10,3,86],[1,14,4,82],[1,15,4,80],[1,16,5,78],[1,16,5,77],[7,19,6,68],[17,19,7,57],[16,19,6,59],[17,17,5,61],[17,20,6,58],[15,19,4,62],[14,24,7,55],[16,17,6,61],[13,12,5,70],[13,13,5,69],[12,13,4,71],[13,13,5,70],[12,13,5,69],[14,16,5,65]]},{"origin":"https://www.filmweb.pl","t":[[1,18,5,75],[1,20,6,73],[2,26,8,65],[2,26,8,63],[2,24,7,67],[2,24,7,67],[2,24,8,66],[2,25,9,64],[2,27,10,61],[2,26,9,63],[2,27,10,61],[2,27,10,61],[2,25,8,64],[2,26,9,63],[2,25,9,64],[2,24,8,66],[2,23,8,68],[2,22,8,68],[2,20,8,71],[1,16,7,76],[1,14,7,78],[1,12,6,80],[1,13,6,79],[1,13,6,79],[2,12,6,80],[2,13,7,78],[1,12,6,80],[1,12,6,81],[1,12,5,82],[1,11,5,82],[1,12,5,81],[1,13,6,80],[1,13,6,80],[1,5,2,92],[1,6,3,90],[1,5,3,92],[1,6,3,90],[1,7,4,89],[1,6,3,90],[1,5,2,93],[0,4,2,93],[1,4,2,93],[1,5,3,92],[1,4,2,93],[0,4,2,93],[1,5,3,91]]},{"origin":"https://www.flipkart.com","t":[[58,27,14,0],[59,26,14,1],[60,24,14,2],[64,18,13,4],[63,20,13,4],[63,20,13,4],[63,20,13,5],[62,20,13,5],[62,20,13,5],[61,21,13,6],[58,23,13,5],[58,23,14,6],[57,23,14,6],[58,23,13,6],[57,24,14,6],[58,22,13,6],[59,22,13,6],[58,21,13,8],[58,21,13,9],[52,17,11,20],[50,14,9,27],[47,14,8,31],[47,14,9,30],[48,14,9,29],[48,14,9,29],[51,16,10,23],[49,15,9,27],[48,15,9,28],[48,15,9,29],[48,15,9,27],[50,15,9,26],[51,16,10,23],[52,17,10,21],[52,17,10,22],[50,16,9,25],[51,14,9,26],[51,16,10,22],[54,16,10,20],[53,18,10,19],[49,14,9,28],[48,12,9,32],[47,12,8,32],[47,12,9,32],[47,14,9,30],[48,14,8,29],[50,17,9,24]]},{"origin":"https://www.hepsiburada.com","t":[[1,21,3,75],[1,25,4,71],[1,32,5,61],[2,32,5,61],[1,32,5,62],[1,31,5,63],[1,30,5,64],[1,29,5,65],[1,29,5,65],[1,28,5,66],[1,29,5,65],[1,29,5,66],[1,28,5,66],[1,28,4,67],[1,28,5,67],[1,27,4,67],[1,27,4,67],[1,26,4,69],[1,25,4,70],[1,18,3,78],[1,15,3,81],[1,14,3,83],[1,14,3,82],[1,13,3,83],[1,13,3,83],[1,14,3,82],[1,14,3,82],[1,13,3,83],[1,13,3,83],[1,14,3,82],[1,16,4,79],[1,17,4,78],[1,17,4,78],[1,17,4,78],[1,17,4,78],[1,15,4,80],[1,15,4,80],[1,15,4,80],[2,17,4,78],[1,14,4,81],[2,13,4,81],[2,13,4,81],[2,14,4,81],[2,14,4,80],[2,14,4,80],[2,16,4,78]]},{"origin":"https://www.hltv.org","t":[[1,27,2,70],[1,29,2,67],[1,31,3,65],[2,32,3,64],[1,32,3,64],[1,32,3,64],[1,30,2,67],[1,31,3,65],[1,32,3,64],[1,31,3,65],[1,32,2,64],[1,31,2,65],[1,31,2,65],[1,30,3,66],[1,29,2,68],[1,29,2,68],[1,29,2,68],[1,27,2,70],[1,27,2,69],[1,20,2,78],[1,16,2,81],[1,15,2,82],[1,14,2,84],[1,13,1,85],[1,14,1,84],[1,15,2,83],[1,14,1,84],[1,14,2,84],[1,15,2,83],[0,13,2,85],[1,14,1,84],[1,14,1,84],[0,13,1,85],[1,14,1,84],[1,14,1,84],[1,12,1,86],[1,12,1,86],[1,12,1,86],[0,11,1,87],[1,12,1,86],[1,11,1,87],[0,10,1,89],[1,12,1,86],[0,11,1,88],[1,11,1,87],[1,14,1,84]]},{"origin":"https://www.hola.com","t":[[2,30,6,62],[2,32,7,59],[3,36,9,53],[3,36,10,52],[3,36,9,52],[2,35,9,54],[2,35,9,54],[3,36,12,48],[3,37,13,46],[3,37,13,46],[3,36,12,49],[3,35,12,50],[3,35,12,50],[3,35,12,50],[3,35,11,51],[3,35,11,51],[3,34,11,52],[3,32,10,54],[3,32,11,55],[3,25,10,63],[2,22,8,67],[2,20,8,70],[2,20,8,70],[2,18,7,72],[2,19,8,71],[3,20,8,69],[3,19,8,70],[2,18,8,72],[2,19,8,71],[2,18,8,72],[3,20,9,69],[3,21,9,67],[3,22,9,66],[3,22,9,65],[3,22,9,67],[3,20,9,68],[3,22,10,65],[3,21,9,67],[3,22,9,65],[3,20,8,69],[3,18,8,71],[3,17,8,72],[3,17,8,73],[3,18,8,71],[3,